1
2
3
4
5
6,31,32,33,34,35,36,37,38,64,65,70,71
7,10,11,14,15,52,62,63
8,16,19,22,25,28
9
10
11
12
13,12,13,17,20,23,26,29
14
15
16
17
18
19,18,21,24,27,30
20
21
22
23
24,49,50,51,53,54,55,56,57,58,59,60,61
25
26
27
28
29
30
31
32
33,PusherLift,1,2,5,6,39,40,41,42,45,46,72,73,77,78,79,80,95,96,97,98,99,100,101,102,103,104,105,106,107,108
34,66,67,68,69,74,75
35
36
37
38
39
40
41,43,44,47,48
42
43
44,76
45,81,82,83,84,85,86,87,88,89,90,91,92,113,114
46
47
48
49
50
51,115
52
53,3,4,93,94,109,110,111,112
54
55
56
57
58
59
60
61,8,9,155
62,116,117,118,119
63,120,121
64
65,130
66,7,124,125,126,127
67
68
69
70
71,122,123,128,129
72
73
74
75
76,Tester,ClampDrill,131,132,133,134,135,136,137,138,139,140,141,142,147,148,149,152,154,157,161,162,163,165,173,174,175
77,143,144
78
79,178
80,150,151,153,166,167,168,169,170,171,172
81
82
83
84
85
86
87,164
88
89
90,145,146,156,158,159,160
91
92
93
94
95
96,176,177
97
98
99,179,180,181,182,183,184,185,186,198,199,202,203,204,205,206,207
100,189,190,191,192,193,194,195
101
102
103
104
105
106,187,188
107
108,208
109,196,197,200,201
110
111
112
113
114
115